P01,Moscow Pa,412230,753730,0.29201,-1.32037,412230,753000,0.29898,-1.33412,411500,753730,0.29707,-1.31934,411500,753000,0.30135,-1.33083
P02,Sterling Pa,412230,753000,0.29898,-1.33412,412230,752230,0.31044,-1.34591,411500,753000,0.30135,-1.33083,411500,752230,0.31276,-1.34012
P03,Newfoundland Pa,412230,752230,0.31044,-1.34591,412230,751500,0.32189,-1.35769,411500,752230,0.31276,-1.34012,411500,751500,0.32416,-1.34942
P04,Hawley Pa (Q3),412230,751500,0.32189,-1.35769,412230,750730,0.32503,-1.37225,411500,751500,0.32416,-1.34942,411500,750730,0.32967,-1.36448
P05,Hawley Pa (Q4),412230,750730,0.32503,-1.37225,412230,750000,0.32816,-1.38681,411500,750730,0.32967,-1.36448,411500,750000,0.33517,-1.37954
P06,Edgemere Pa,412230,750000,0.32816,-1.38681,412230,745230,0.33247,-1.39805,411500,750000,0.32517,-1.37954,411500,745230,0.33924,-1.39220
001,Milford Pa-NJ,412230,745230,0.33247,-1.39805,412230,744500,0.33677,-1.40929,411500,745230,0.33924,-1.39220,411500,744500,0.34331,-1.40487
002,Port Jervis South NJ-NY-Pa,412230,744500,0.33677,-1.40929,412230,743730,0.33799,-1.41823,411500,744500,0.34331,-1.40487,411500,743730,0.34235,-1.41660
003,Unionville NY-NJ,412230,743730,0.33799,-1.41823,412230,743000,0.33920,-1.42717,411500,743730,0.34235,-1.41660,411500,743000,0.34140,-1.42833
004,Pine Island NY-NJ,412230,743000,0.33920,-1.42717,412230,742230,0.33826,-1.44469,411500,743000,0.34140,-1.42833,411500,742230,0.33912,-1.44637
N01,Warwick NY,412230,742230,0.33826,-1.44469,412230,741500,0.33732,-1.46222,411500,742230,0.33912,-1.44637,411500,741500,0.33683,-1.46441
N02,Monroe NY,412230,741500,0.33732,-1.46222,412230,740730,0.33760,-1.47861,411500,741500,0.33683,-1.46441,411500,740730,0.33742,-1.47870
N03,Popolopen NY,412230,740730,0.33760,-1.47861,412230,740000,0.33788,-1.49500,411500,740730,0.33742,-1.47870,411500,740000,0.33800,-1.49300
N04,Peekskill NY,412230,740000,0.33788,-1.49500,412230,735230,0.33759,-1.50954,411500,740000,0.33800,-1.49300,411500,735230,0.33850,-1.50750
N05,Mohegan NY,412230,735230,0.33759,-1.50954,412230,734500,0.33729,-1.52407,411500,735230,0.33850,-1.50750,411500,734500,0.33900,-1.52200
N06,Croton NY,412230,734500,0.33729,-1.52407,412230,733730,0.33920,-1.53922,411500,734500,0.33900,-1.52200,411500,733730,0.30585,-1.31869
P07,Thornhurst Pa,411500,753730,0.29707,-1.31934,411500,753000,0.30135,-1.33083,410730,753730,0.30585,-1.31869,410730,753000,0.31134,-1.32934
P08,Tobyhanna Pa,411500,753000,0.30135,-1.33083,411500,752230,0.31276,-1.34012,410730,753000,0.31134,-1.32934,410730,752230,0.32050,-1.33779
P09,Pocono Pa (Q2),411500,752230,0.31276,-1.34012,411500,751500,0.32416,-1.34942,410730,752230,0.32050,-1.33779,410730,751500,0.32996,-1.34624
P10,Skytop Pa,411500,751500,0.32416,-1.34942,411500,750730,0.32967,-1.36448,410730,751500,0.32996,-1.34624,410730,750730,0.33616,-1.36143
P11,Twelvemile Pond Pa,411500,750730,0.32967,-1.36448,411500,750000,0.33517,-1.37954,410730,750730,0.33616,-1.36143,410730,750000,0.34266,-1.37662
005,Lake Maskenozha Pa-NJ,411500,750000,0.33517,-1.37954,411500,745230,0.33924,-1.39220,410730,750000,0.34266,-1.37662,410730,745230,0.34506,-1.39118
006,Culvers Gap NJ-Pa,411500,745230,0.33924,-1.39220,411500,744500,0.34331,-1.40487,410730,745230,0.34506,-1.39118,410730,744500,0.34745,-1.40573
007,Branchville NJ,411500,744500,0.34331,-1.40487,411500,743730,0.34235,-1.41660,410730,744500,0.34745,-1.40573,410730,743730,0.34726,-1.41899
008,Hamburg NJ,411500,743730,0.34235,-1.41660,411500,743000,0.34140,-1.42833,410730,743730,0.34726,-1.41899,410730,743000,0.34707,-1.43225
009,Wawayanda NJ-NY,411500,743000,0.34140,-1.42833,411500,742230,0.33912,-1.44637,410730,743000,0.34707,-1.43225,410730,742230,0.34544,-1.44992
010,Greenwood Lake NY-NJ,411500,742230,0.33912,-1.44637,411500,741500,0.33683,-1.46441,410730,742230,0.34544,-1.44992,410730,741500,0.34382,-1.46759
011,Sloatsburg NY-NJ,411500,741500,0.33683,-1.46441,411500,740730,0.33742,-1.47870,410730,741500,0.34382,-1.46759,410730,740730,0.34417,-1.48257
N07,Thiells NY,411500,740730,0.33742,-1.47870,411500,740000,0.33800,-1.49300,410730,740730,0.34417,-1.48257,410730,740000,0.34451,-1.49754
N08,Haverstraw NY,411500,740000,0.33800,-1.49300,411500,735230,0.33850,-1.50750,410730,740000,0.34451,-1.49754,410730,735230,0.34500,-1.51100
N09,Ossining NY,411500,735230,0.33850,-1.50750,411500,734500,0.33900,-1.52200,410730,735230,0.34500,-1.51100,410730,734500,0.34549,-1.52447
N10,Mount Kisco NY,411500,734500,0.33900,-1.52200,411500,733730,0.30585,-1.31869,410730,734500,0.34549,-1.52447,410730,733730,0.34630,-1.54223
P12,Blakesee Pa,410730,753730,0.30585,-1.31869,410730,753000,0.31134,-1.32934,410000,753730,0.31464,-1.31803,410000,753000,0.32133,-1.32786
P13,Pocono Pines Pa,410730,753000,0.31134,-1.32934,410730,752230,0.32050,-1.33779,410000,753000,0.32133,-1.32786,410000,752230,0.32825,-1.33546
P14,Mount Pocono Pa,410730,752230,0.32050,-1.33779,410730,751500,0.32996,-1.34624,410000,752230,0.32825,-1.33546,410000,751500,0.33516,-1.34306
P15,East Stroudsburg Pa,410730,751500,0.32996,-1.34624,410730,750730,0.33616,-1.36143,410000,751500,0.33516,-1.34306,410000,750730,0.34266,-1.35838
012,Bushkill Pa-NJ,410730,750730,0.33616,-1.36143,410730,750000,0.34266,-1.37662,410000,750730,0.34266,-1.35838,410000,750000,0.35016,-1.37370
013,Flatbrookville NJ-Pa,410730,750000,0.34266,-1.37662,410730,745230,0.34506,-1.39118,410000,750000,0.35016,-1.37370,410000,745230,0.35088,-1.39015
014,Newton West NJ,410730,745230,0.34506,-1.39118,410730,744500,0.34745,-1.40573,410000,745230,0.35088,-1.39015,410000,744500,0.35160,-1.40659
015,Newton East NJ,410730,744500,0.34745,-1.40573,410730,743730,0.34726,-1.41899,410000,744500,0.35160,-1.40659,410000,743730,0.35216,-1.42138
016,Franklin NJ,410730,743730,0.34726,-1.41899,410730,743000,0.34707,-1.43225,410000,743730,0.35216,-1.42138,410000,743000,0.35273,-1.43616
017,Newfoundland NJ,410730,743000,0.34707,-1.43225,410730,742230,0.34544,-1.44992,410000,743000,0.35273,-1.43616,410000,742230,0.35177,-1.45347
018,Wanaque NJ,410730,742230,0.34544,-1.44992,410730,741500,0.34382,-1.46759,410000,742230,0.35177,-1.45347,410000,741500,0.35081,-1.47078
019,Ramsey NJ-NY,410730,741500,0.34382,-1.46759,410730,740730,0.34417,-1.48257,410000,741500,0.35081,-1.47078,410000,740730,0.35092,-1.48643
020,Park Ridge NJ-NY,410730,740730,0.34417,-1.48257,410730,740000,0.34451,-1.49754,410000,740730,0.35092,-1.48643,410000,740000,0.35102,-1.50208
021,Nyack NY-NJ,410730,740000,0.34451,-1.49754,410730,735230,0.34500,-1.51100,410000,740000,0.35102,-1.50208,410000,735230,0.35150,-1.51451
N11,White Plains NY,410730,735230,0.34500,-1.51100,410730,734500,0.34549,-1.52447,410000,735230,0.35150,-1.51451,410000,734500,0.35197,-1.52693
N12,Glenville NY,410730,734500,0.34549,-1.52447,410730,733730,0.34630,-1.54223,410000,734500,0.35197,-1.52693,410000,733730,0.35113,-1.54615
P16,Pohopoco Pa,410000,753730,0.31464,-1.31803,410000,753000,0.32133,-1.32786,405230,753730,0.32860,-1.32322,405230,753000,0.33305,-1.33365
P17,Brodheadsville Pa,410000,753000,0.32133,-1.32786,410000,752230,0.32825,-1.33546,405230,753000,0.33305,-1.33365,405230,752230,0.33797,-1.34239
P18,Saylorsburg Pa,410000,752230,0.32825,-1.33546,410000,751500,0.33516,-1.34306,405230,752230,0.33797,-1.34239,405230,751500,0.34289,-1.35113
022,Stroudsburg Pa-NJ,410000,751500,0.33516,-1.34306,410000,750730,0.34266,-1.35838,405230,751500,0.34289,-1.35113,405230,750730,0.34833,-1.36441
023,Portland NJ-Pa,410000,750730,0.34266,-1.35838,410000,750000,0.35016,-1.37370,405230,750730,0.34833,-1.36441,405230,750000,0.35376,-1.37770
024,Blairstown NJ,410000,750000,0.35016,-1.37370,410000,745230,0.35088,-1.39015,405230,750000,0.35376,-1.37770,405230,745230,0.35504,-1.39365
025,Tranquility NJ,410000,745230,0.35088,-1.39015,410000,744500,0.35160,-1.40659,405230,745230,0.35504,-1.39365,405230,744500,0.35631,-1.40961
026,Stanhope NJ,410000,744500,0.35160,-1.40659,410000,743730,0.35216,-1.42138,405230,744500,0.35631,-1.40961,405230,743730,0.35677,-1.42408
027,Dover NJ,410000,743730,0.35216,-1.42138,410000,743000,0.35273,-1.43616,405230,743730,0.35677,-1.42408,405230,743000,0.35723,-1.43855
028,Boonton NJ,410000,743000,0.35273,-1.43616,410000,742230,0.35177,-1.45347,405230,743000,0.35723,-1.43855,405230,742230,0.35709,-1.45490
029,Pompton Plains NJ,410000,742230,0.35177,-1.45347,410000,741500,0.35081,-1.47078,405230,742230,0.35709,-1.45490,405230,741500,0.35695,-1.47125
030,Paterson NJ,410000,741500,0.35081,-1.47078,410000,740730,0.35092,-1.48643,405230,741500,0.35695,-1.47125,405230,740730,0.35773,-1.48565
031,Hackensack NJ,410000,740730,0.35092,-1.48643,410000,740000,0.35102,-1.50208,405230,740730,0.35773,-1.48565,405230,740000,0.35851,-1.50004
032,Yonkers NJ-NY,410000,740000,0.35102,-1.50208,410000,735230,0.35150,-1.51451,405230,740000,0.35851,-1.50004,405230,735230,0.35925,-1.51275
N13,Mount Vernon NY,410000,735230,0.35150,-1.51451,410000,734500,0.35197,-1.52693,405230,735230,0.35925,-1.51275,405230,734500,0.35999,-1.52547
N14,Mamaroneck NY,410000,734500,0.35197,-1.52693,410000,733730,0.35113,-1.54615,405230,734500,0.35999,-1.52547,405230,733730,0.35732,-1.54182
P19,Palmerton Pa,405230,753730,0.32860,-1.32322,405230,753000,0.33305,-1.33365,404500,753730,0.34257,-1.32840,404500,753000,0.34477,-1.33945
P20,Kunkletown Pa,405230,753000,0.33305,-1.33365,405230,752230,0.33797,-1.34239,404500,753000,0.34477,-1.33945,404500,752230,0.34796,-1.34932
P21,Wind Gap Pa,405230,752230,0.33797,-1.34239,405230,751500,0.34289,-1.35113,404500,752230,0.34769,-1.34932,404500,751500,0.35061,-1.35920
033,Bangor Pa-NJ,405230,751500,0.34289,-1.35113,405230,750730,0.34833,-1.36441,404500,751500,0.35061,-1.35920,404500,750730,0.35399,-1.37045
034,Belvidere NJ-Pa,405230,750730,0.34833,-1.36441,405230,750000,0.35376,-1.37770,404500,750730,0.35399,-1.37045,404500,750000,0.35737,-1.38170
035,Washington NJ,405230,750000,0.35376,-1.37770,405230,745230,0.35504,-1.39365,404500,750000,0.35737,-1.38170,404500,745230,0.35919,-1.39716
036,Hackettstown NJ,405230,745230,0.35504,-1.39365,405230,744500,0.35631,-1.40961,404500,745230,0.35919,-1.39716,404500,744500,0.36101,-1.41262
037,Chester NJ,405230,744500,0.35631,-1.40961,405230,743730,0.35677,-1.42408,404500,744500,0.36101,-1.41262,404500,743730,0.36138,-1.42678
038,Mendham NJ,405230,743730,0.35677,-1.42408,405230,743000,0.35723,-1.43855,404500,743730,0.36138,-1.42678,404500,743000,0.36174,-1.44094
039,Morristown NJ,405230,743000,0.35723,-1.43855,405230,742230,0.35709,-1.45490,404500,743000,0.36174,-1.44094,404500,742230,0.36242,-1.45633
040,Caldwell NJ,405230,742230,0.35709,-1.45490,405230,741500,0.35695,-1.47125,404500,742230,0.36242,-1.45633,404500,741500,0.36310,-1.47172
041,Orange NJ,405230,741500,0.35695,-1.47125,405230,740730,0.35773,-1.48565,404500,741500,0.36310,-1.47172,404500,740730,0.36455,-1.48486
042,Weehawken NJ-NY,405230,740730,0.35773,-1.48565,405230,740000,0.35851,-1.50004,404500,740730,0.36455,-1.48486,404500,740000,0.36600,-1.49800
043,Central Park NY-NJ,405230,740000,0.35851,-1.50004,405230,735230,0.35925,-1.51275,404500,740000,0.36600,-1.49800,404500,735230,0.36700,-1.51100
N15,Flushing NY,405230,735230,0.35925,-1.51275,405230,734500,0.35999,-1.52547,404500,735230,0.36700,-1.51100,404500,734500,0.36800,-1.52400
N16,Sea Cliff,405230,734500,0.35999,-1.52547,405230,733730,0.35732,-1.54182,404500,734500,0.36800,-1.52400,404500,733730,0.36350,-1.53750
P22,Cementon Pa,404500,753730,0.34257,-1.32840,404500,753000,0.34477,-1.33945,403730,753730,0.34454,-1.32477,403730,753000,0.34889,-1.33922
P23,Catasauqua Pa,404500,753000,0.34477,-1.33945,404500,752230,0.34769,-1.34932,403730,753000,0.34889,-1.33922,403730,752230,0.35378,-1.35114
P24,Nazareth Pa,404500,752230,0.34769,-1.34932,404500,751500,0.35061,-1.35920,403730,752230,0.35378,-1.35114,403730,751500,0.35867,-1.36304
044,Easton NJ-Pa,404500,751500,0.35061,-1.35920,404500,750730,0.35399,-1.37045,403730,751500,0.35867,-1.36304,403730,750730,0.36184,-1.37459
045,Bloomsbury NJ,404500,750730,0.35399,-1.37045,404500,750000,0.35737,-1.38170,403730,750730,0.36184,-1.37459,403730,750000,0.36501,-1.38614
046,High Bridge NJ,404500,750000,0.35737,-1.38170,404500,745230,0.35919,-1.39716,403730,750000,0.36501,-1.38614,403730,745230,0.36632,-1.40057
047,Califon NJ,404500,745230,0.35919,-1.39716,404500,744500,0.36101,-1.41262,403730,745230,0.36632,-1.40057,403730,744500,0.36763,-1.41500
048,Gladstone NJ,404500,744500,0.36101,-1.41262,404500,743730,0.36138,-1.42678,403730,744500,0.36763,-1.41500,403730,743730,0.36783,-1.42923
049,Bernardsville NJ,404500,743730,0.36138,-1.42678,404500,743000,0.36174,-1.44094,403730,743730,0.36783,-1.42923,403730,743000,0.36803,-1.44346
050,Chatham NJ,404500,743000,0.36174,-1.44094,404500,742230,0.36242,-1.45633,403730,743000,0.36803,-1.44346,403730,742230,0.37004,-1.45916
051,Roselle NJ,404500,742230,0.36242,-1.45633,404500,741500,0.36310,-1.47172,403730,742230,0.37004,-1.45916,403730,741500,0.37205,-1.47486
052,Elizabeth NJ-NY,404500,741500,0.36310,-1.47172,404500,740730,0.36455,-1.48486,403730,741500,0.37205,-1.47486,403730,740730,0.37371,-1.48674
053,Jersey City NJ-NY,404500,740730,0.36455,-1.48486,404500,740000,0.36600,-1.49800,403730,740730,0.37371,-1.48674,403730,740000,0.37538,-1.49862
054,Brooklyn NY,404500,740000,0.36600,-1.49800,404500,735230,0.36700,-1.51100,403730,740000,0.37538,-1.49862,403730,735230,0.37541,-1.51170
N17,Jamaica NY,404500,735230,0.36700,-1.51100,404500,734500,0.36800,-1.52400,403730,735230,0.37541,-1.51117,403730,734500,0.37544,-1.52372
N18,Lynbrook NY,404500,734500,0.36800,-1.52400,404500,733730,0.36350,-1.53750,403730,734500,0.37544,-1.52372,403730,733730,0.37122,-1.53470
P25,Allentown West Pa,403730,753730,0.34454,-1.32477,403730,753000,0.34889,-1.33922,403000,753730,0.34652,-1.32114,403000,753000,0.35300,-1.33900
P26,Allentown East Pa,403730,753000,0.34889,-1.33922,403730,752230,0.35378,-1.35114,403000,753000,0.35300,-1.33900,403000,752230,0.35986,-1.35295
P27,Hellertown Pa,403730,752230,0.35378,-1.35114,403730,751500,0.35867,-1.36304,403000,752230,0.35986,-1.35295,403000,751500,0.36673,-1.36689
055,Riegelsville Pa-NJ,403730,751500,0.35867,-1.36304,403730,750730,0.36184,-1.37459,403000,751500,0.36673,-1.36689,403000,750730,0.36969,-1.37874
056,Frenchtown NJ-Pa,403730,750730,0.36184,-1.37459,403730,750000,0.36501,-1.38614,403000,750730,0.36969,-1.37874,403000,750000,0.37265,-1.39058
057,Pittstown NJ,403730,750000,0.36501,-1.38614,403730,745230,0.36632,-1.40057,403000,750000,0.37265,-1.39058,403000,745230,0.37345,-1.40398
058,Flemington NJ,403730,745230,0.36632,-1.40057,403730,744500,0.36763,-1.41500,403000,745230,0.37345,-1.40398,403000,744500,0.37424,-1.41738
059,Raritan NJ,403730,744500,0.36763,-1.41500,403730,743730,0.36783,-1.42923,403000,744500,0.37424,-1.41738,403000,743730,0.37428,-1.43168
060,Bound Brook NJ,403730,743730,0.36783,-1.42923,403730,743000,0.36803,-1.44346,403000,743730,0.37428,-1.43168,403000,743000,0.37432,-1.44598
061,Plainfield NJ,403730,743000,0.36803,-1.44346,403730,742230,0.37004,-1.45916,403000,743000,0.37432,-1.44598,403000,742230,0.37766,-1.46199
062,Perth Amboy NJ-NY,403730,742230,0.37004,-1.45916,403730,741500,0.37205,-1.47486,403000,742230,0.37766,-1.46199,403000,741500,0.38100,-1.47800
063,Arthur Kill NY-NJ,403730,741500,0.37205,-1.47486,403730,740730,0.37371,-1.48674,403000,741500,0.38100,-1.47800,403000,740730,0.38288,-1.48862
064,The Narrows NY,403730,740730,0.37371,-1.48674,403730,740000,0.37538,-1.49862,403000,740730,0.38288,-1.48862,403000,740000,0.38476,-1.49924
065,Coney Island NY,403730,740000,0.37538,-1.49862,403730,735230,0.37541,-1.51117,403000,740000,0.38476,-1.49924,403000,735230,0.38382,-1.51134
N19,Far Rockaway NY,403730,735230,0.37541,-1.51117,403730,734500,0.37544,-1.52372,403000,735230,0.38382,-1.51134,403000,734500,0.38288,-1.52344
N20,Lawrence NY,403730,734500,0.37544,-1.52372,403730,733730,0.37122,-1.53470,403000,734500,0.38288,-1.52344,403000,733730,0.37893,-1.53190
P28,East Greenville Pa,403000,753730,0.34652,-1.32114,403000,753000,0.35300,-1.33900,402230,753730,0.34766,-1.32982,402230,753000,0.35850,-1.35150
P29,Milford Square Pa,403000,753000,0.35300,-1.33900,403000,752230,0.35986,-1.35295,402230,753000,0.35850,-1.35150,402230,752230,0.36709,-1.36055
P30,Quakertown Pa,403000,752230,0.35986,-1.35295,403000,751500,0.36673,-1.36689,402230,752230,0.36709,-1.36055,402230,751500,0.37567,-1.36959
P31,Bedminster Pa,403000,751500,0.36673,-1.36689,403000,750730,0.36969,-1.37874,402230,751500,0.37567,-1.36959,402230,750730,0.37827,-1.38094
066,Lumberville Pa-NJ,403000,750730,0.36969,-1.37874,403000,750000,0.37265,-1.39058,402230,750730,0.37827,-1.38094,402230,750000,0.38087,-1.39229
067,Stockton NJ-Pa,403000,750000,0.37265,-1.39058,403000,745230,0.37345,-1.40398,402230,750000,0.38087,-1.39229,402230,745230,0.38160,-1.40560
068,Hopewell NJ,403000,745230,0.37345,-1.40398,403000,744500,0.37424,-1.41738,402230,745230,0.38160,-1.40560,402230,744500,0.38234,-1.41891
069,Rocky Hill NJ,403000,744500,0.37424,-1.41738,403000,743730,0.37428,-1.43168,402230,744500,0.38234,-1.41891,402230,743730,0.38379,-1.43371
070,Monmouth Junction NJ,403000,743730,0.37428,-1.43168,403000,743000,0.37432,-1.44598,402230,743730,0.38379,-1.43371,402230,743000,0.38524,-1.44851
071,New Brunswick NJ,403000,743000,0.37432,-1.44598,403000,742230,0.37766,-1.46199,402230,743000,0.38524,-1.44851,402230,742230,0.38804,-1.46283
072,South Amboy NJ-NY,403000,742230,0.37766,-1.46199,403000,741500,0.38100,-1.47800,402230,742230,0.38804,-1.46283,402230,741500,0.39084,-1.47715
073,Keyport NJ-NY,403000,741500,0.38100,-1.47800,403000,740730,0.38288,-1.48862,402230,741500,0.39084,-1.47715,402230,740730,0.39263,-1.48992
074,Sandy Hook NJ-NY,403000,740730,0.38288,-1.48862,403000,740000,0.38476,-1.49924,402230,740730,0.39263,-1.48992,402230,740000,0.39443,-1.50269
A01,Sandy Hook NJ-NY / Atlantic Ocean,403000,740000,0.38476,-1.49924,403000,735230,0.38382,-1.51134,402230,740000,0.39443,-1.50269,402230,735230,0.39310,-1.51481
A02,Atlantic Ocean,403000,735230,0.38382,-1.51134,403000,734500,0.38288,-1.52344,402230,735230,0.39310,-1.51481,402230,734500,0.39178,-1.52693
A03,Atlantic Ocean,403000,734500,0.38288,-1.52344,403000,733730,0.37893,-1.53190,402230,734500,0.39178,-1.52693,402230,733730,0.38787,-1.53619
P32,Sassamansville Pa,402230,753730,0.34766,-1.32982,402230,753000,0.35850,-1.35150,401500,753730,0.34900,-1.33850,401500,753000,0.36400,-1.36400
P33,Perkiomenville Pa,402230,753000,0.35850,-1.35150,402230,752230,0.36709,-1.36055,401500,753000,0.36400,-1.36400,401500,752230,0.37431,-1.36815
P34,Telford Pa,402230,752230,0.36709,-1.36055,402230,751500,0.37567,-1.36959,401500,752230,0.37431,-1.36815,401500,751500,0.38462,-1.37230
P35,Doylestown,402230,751500,0.37567,-1.36959,402230,750730,0.37827,-1.38094,401500,751500,0.38462,-1.37230,401500,750730,0.38685,-1.38314
P36,Buckingham Pa,402230,750730,0.37827,-1.38094,402230,750000,0.38087,-1.39229,401500,750730,0.38685,-1.38314,401500,750000,0.38908,-1.39399
076,Lambertville Pa-NJ,402230,750000,0.38087,-1.39229,402230,745230,0.38160,-1.40560,401500,750000,0.38908,-1.39399,401500,745230,0.38976,-1.40722
077,Pennington NJ-Pa,402230,745230,0.38160,-1.40560,402230,744500,0.38234,-1.41891,401500,745230,0.38976,-1.40722,401500,744500,0.39043,-1.42044
078,Princeton NJ,402230,744500,0.38234,-1.41891,402230,743730,0.38379,-1.43371,401500,744500,0.39043,-1.42044,401500,743730,0.39330,-1.43574
079,Hightstown NJ,402230,743730,0.38379,-1.43371,402230,743000,0.38524,-1.44851,401500,743730,0.39330,-1.43574,401500,743000,0.39616,-1.45103
080,Jamesburg NJ,402230,743000,0.38524,-1.44851,402230,742230,0.38804,-1.46283,401500,743000,0.39616,-1.45103,401500,742230,0.39842,-1.46367
081,Freehold NJ,402230,742230,0.38804,-1.46283,402230,741500,0.39084,-1.47715,401500,742230,0.39842,-1.46367,401500,741500,0.40067,-1.47631
082,Marlboro NJ,402230,741500,0.39084,-1.47715,402230,740730,0.39263,-1.48992,401500,741500,0.40067,-1.47631,401500,740730,0.40238,-1.49122
083,Long Branch NJ,402230,740730,0.39263,-1.48992,402230,740000,0.39443,-1.50269,401500,740730,0.40238,-1.49122,401500,740000,0.40409,-1.50614
A04,Long Branch NJ / Atlantic Ocean,402230,740000,0.39443,-1.50269,402230,735230,0.39310,-1.51481,401500,740000,0.40409,-1.50614,401500,735230,0.40239,-1.51828
A05,Atlantic Ocean,402230,735230,0.39310,-1.51481,402230,734500,0.39178,-1.52693,401500,735230,0.40239,-1.51828,401500,734500,0.40068,-1.53042
A06,Atlantic Ocean,402230,734500,0.39178,-1.52693,402230,733730,0.38787,-1.53619,401500,734500,0.40068,-1.53042,401500,733730,0.39680,-1.54049
P37,Phoenixville Pa,401500,753730,0.34900,-1.33850,401500,753000,0.36400,-1.36400,400730,753730,0.36849,-1.28541,400730,753000,0.37765,-1.31581
P38,Collegeville Pa,401500,753000,0.36400,-1.36400,401500,752230,0.37431,-1.36815,400730,753000,0.37765,-1.31581,400730,752230,0.38639,-1.33755
P39,Lansdale Pa,401500,752230,0.37431,-1.36815,401500,751500,0.38462,-1.37230,400730,752230,0.38639,-1.33755,400730,751500,0.39514,-1.35928
P40,Ambler Pa,401500,751500,0.38462,-1.37230,401500,750730,0.38685,-1.38314,400730,751500,0.39514,-1.35928,400730,750730,0.39579,-1.37485
P41,Hatboro Pa,401500,750730,0.38685,-1.38314,401500,750000,0.38908,-1.39399,400730,750730,0.39579,-1.37485,400730,750000,0.39644,-1.39042
P42,Langhorne Pa,401500,750000,0.38908,-1.39399,401500,745230,0.38976,-1.40722,400730,750000,0.39644,-1.39042,400730,745230,0.39648,-1.40546
086,Trenton West Pa-NJ,401500,745230,0.38976,-1.40722,401500,744500,0.39043,-1.42044,400730,745230,0.39648,-1.40546,400730,744500,0.39651,-1.42050
087,Trenton East NJ-Pa,401500,744500,0.39043,-1.42044,401500,743730,0.39330,-1.43574,400730,744500,0.39651,-1.42050,400730,743730,0.40111,-1.43552
088,Allentown NJ,401500,743730,0.39330,-1.43574,401500,743000,0.39616,-1.45103,400730,743730,0.40111,-1.43552,400730,743000,0.40571,-1.45054
089,Roosevelt NJ,401500,743000,0.39616,-1.45103,401500,742230,0.39842,-1.46367,400730,743000,0.40571,-1.45054,400730,742230,0.40875,-1.46466
090,Adelphia NJ,401500,742230,0.39842,-1.46367,401500,741500,0.40067,-1.47631,400730,742230,0.40875,-1.46466,400730,741500,0.41180,-1.47878
091,Farmingdale NJ,401500,741500,0.40067,-1.47631,401500,740730,0.40238,-1.49122,400730,741500,0.41180,-1.47878,400730,740730,0.41292,-1.49549
092,Asbury Park NJ,401500,740730,0.40238,-1.49122,401500,740000,0.40409,-1.50614,400730,740730,0.41292,-1.49549,400730,740000,0.41403,-1.51219
A07,Asbury Park NJ / Atlantic Ocean,401500,740000,0.40409,-1.50614,401500,735230,0.40239,-1.51828,400730,740000,0.41403,-1.51219,400730,735230,0.41172,-1.52456
A08,Atlantic Ocean,401500,735230,0.40239,-1.51828,401500,734500,0.40068,-1.53042,400730,735230,0.41172,-1.52456,400730,734500,0.40940,-1.53692
A09,Atlantic Ocean,401500,734500,0.40068,-1.53042,401500,733730,0.39680,-1.54049,400730,734500,0.40940,-1.53692,400730,733730,0.40540,-1.54748
P43,MalvernPa,400730,753730,0.36849,-1.28541,400730,753000,0.37765,-1.31581,400000,753730,0.38798,-1.23231,400000,753000,0.39130,-1.26762
P44,Valley Forge Pa,400730,753000,0.37765,-1.31581,400730,752230,0.38639,-1.33755,400000,753000,0.39130,-1.26762,400000,752230,0.39848,-1.30695
P45,Norristown Pa,400730,752230,0.38639,-1.33755,400730,751500,0.39514,-1.35928,400000,752230,0.39848,-1.30695,400000,751500,0.40565,-1.34627
P46,Germantown Pa,400730,751500,0.39514,-1.35928,400730,750730,0.39579,-1.37485,400000,751500,0.40565,-1.34627,400000,750730,0.40472,-1.36656
093,Frankford Pa-NJ,400730,750730,0.39579,-1.37485,400730,750000,0.39644,-1.39042,400000,750730,0.40472,-1.36656,400000,750000,0.40380,-1.38686
094,Beverley Pa-NJ,400730,750000,0.39644,-1.39042,400730,745230,0.39648,-1.40546,400000,750000,0.40380,-1.38686,400000,745230,0.40319,-1.40371
095,Bristol Pa-NJ,400730,745230,0.39648,-1.40546,400730,744500,0.39651,-1.42050,400000,745230,0.40319,-1.40371,400000,744500,0.40259,-1.42056
096,Columbus NJ,400730,744500,0.39651,-1.42050,400730,743730,0.40111,-1.43552,400000,744500,0.40259,-1.42056,400000,743730,0.40892,-1.43530
097,New Egypt NJ,400730,743730,0.40111,-1.43552,400730,743000,0.40571,-1.45054,400000,743730,0.40892,-1.43530,400000,743000,0.41525,-1.45005
098,Cassville NJ,400730,743000,0.40571,-1.45054,400730,742230,0.40875,-1.46466,400000,743000,0.41525,-1.45005,400000,742230,0.41909,-1.46565
099,Lakehurst NJ,400730,742230,0.40875,-1.46466,400730,741500,0.41180,-1.47878,400000,742230,0.41909,-1.46565,400000,741500,0.42293,-1.48125
100,Lakewood NJ,400730,741500,0.41180,-1.47878,400730,740730,0.41292,-1.49549,400000,741500,0.42293,-1.48125,400000,740730,0.42345,-1.49975
101,Point Pleasant NJ,400730,740730,0.41292,-1.49549,400730,740000,0.41403,-1.51219,400000,740730,0.42345,-1.49975,400000,740000,0.42397,-1.51825
A10,Atlantic Ocean,400730,740000,0.41403,-1.51219,400730,735230,0.41172,-1.52456,400000,740000,0.42397,-1.51825,400000,735230,0.42105,-1.53084
A11,Atlantic Ocean,400730,735230,0.41172,-1.52456,400730,734500,0.40940,-1.53692,400000,735230,0.42105,-1.53084,400000,734500,0.41813,-1.54343
A12,Atlantic Ocean,400730,734500,0.40940,-1.53692,400730,733730,0.40540,-1.54748,400000,734500,0.41813,-1.54343,400000,733730,0.41401,-1.55447
P47,West Chester Pa,400000,753730,0.38798,-1.23231,400000,753000,0.39130,-1.26762,395230,753730,0.39674,-1.24691,395230,753000,0.40065,-1.27931
P48,Media Pa,400000,753000,0.39130,-1.26762,400000,752230,0.39848,-1.30695,395230,753000,0.40065,-1.27931,395230,752230,0.40386,-1.31003
P49,Lansdowne Pa,400000,752230,0.39848,-1.30695,400000,751500,0.40565,-1.34627,395230,752230,0.40386,-1.31003,395230,751500,0.40706,-1.34076
102,Philadelphia Pa-NJ,400000,751500,0.40565,-1.34627,400000,750730,0.40472,-1.36656,395230,751500,0.40706,-1.34076,395230,750730,0.40793,-1.36768
103,Camden NJ-Pa,400000,750730,0.40472,-1.36656,400000,750000,0.40380,-1.38686,395230,750730,0.40793,-1.36768,395230,750000,0.40880,-1.39460
104,Moorestown NJ,400000,750000,0.40380,-1.38686,400000,745230,0.40319,-1.40371,395230,750000,0.40880,-1.39460,395230,745230,0.41085,-1.40903
105,Mount Holly NJ,400000,745230,0.40319,-1.40371,400000,744500,0.40259,-1.42056,395230,745230,0.41085,-1.40903,395230,744500,0.41290,-1.42345
106,Pemberton NJ,400000,744500,0.40259,-1.42056,400000,743730,0.40892,-1.43530,395230,744500,0.41290,-1.42345,395230,743730,0.41750,-1.43830
107,Browns Mills NJ,400000,743730,0.40892,-1.43530,400000,743000,0.41525,-1.45005,395230,743730,0.41750,-1.43830,395230,743000,0.42210,-1.45316
108,Whiting NJ,400000,743000,0.41525,-1.45005,400000,742230,0.41909,-1.46565,395230,743000,0.42210,-1.45316,395230,742230,0.42449,-1.46976
109,Keswick Grove NJ,400000,742230,0.41909,-1.46565,400000,741500,0.42293,-1.48125,395230,742230,0.42449,-1.46976,395230,741500,0.42688,-1.48636
110,Toms River NJ,400000,741500,0.42293,-1.48125,400000,740730,0.42345,-1.49975,395230,741500,0.42688,-1.48636,395230,740730,0.42808,-1.50491
111,Seaside Park NJ,400000,740730,0.42345,-1.49975,400000,740000,0.42397,-1.51825,395230,740730,0.42808,-1.50491,395230,740000,0.42928,-1.52346
A13,Atlantic Ocean,400000,740000,0.42397,-1.51825,400000,735230,0.42105,-1.53084,395230,740000,0.42928,-1.52346,395230,735230,0.42647,-1.53634
A14,Atlantic Ocean,400000,735230,0.42105,-1.53084,400000,734500,0.41813,-1.54343,395230,735230,0.42647,-1.53634,395230,734500,0.42367,-1.54921
A15,Atlantic Ocean,400000,734500,0.41813,-1.54343,400000,733730,0.41401,-1.55447,395230,734500,0.42367,-1.54921,395230,733730,0.41992,-1.56074
D01,Wilmington North Del-Pa,395230,753730,0.39674,-1.24691,395230,753000,0.40065,-1.27931,394500,753730,0.40550,-1.26150,394500,753000,0.41000,-1.29100
112,Marcus Hook Pa-NJ-Del,395230,753000,0.40065,-1.27931,395230,752230,0.40386,-1.31003,394500,753000,0.41000,-1.29100,394500,752230,0.40924,-1.31312
113,Bridgeport NJ-Pa,395230,752230,0.40386,-1.31003,395230,751500,0.40706,-1.34076,394500,752230,0.40924,-1.31312,394500,751500,0.40848,-1.33524
114,Woodbury NJ,395230,751500,0.40706,-1.34076,395230,750730,0.40793,-1.36768,394500,751500,0.40848,-1.33524,394500,750730,0.41114,-1.36879
115,Runnemede NJ,395230,750730,0.40793,-1.36768,395230,750000,0.40880,-1.39460,394500,750730,0.41114,-1.36879,394500,750000,0.41380,-1.40234
116,Clementon NJ,395230,750000,0.40880,-1.39460,395230,745230,0.41085,-1.40903,394500,750000,0.41380,-1.40234,394500,745230,0.41850,-1.41434
117,Medford Lakes NJ,395230,745230,0.41085,-1.40903,395230,744500,0.41290,-1.42345,394500,745230,0.41850,-1.41434,394500,744500,0.42320,-1.42634
118,Indian Mills NJ,395230,744500,0.41290,-1.42345,395230,743730,0.41750,-1.43830,394500,744500,0.42320,-1.42634,394500,743730,0.42608,-1.44130
119,Chatworth NJ,395230,743730,0.41750,-1.43830,395230,743000,0.42210,-1.45316,394500,743730,0.42608,-1.44130,394500,743000,0.42896,-1.45626
120,Woodmansie NJ,395230,743000,0.42210,-1.45316,395230,742230,0.42449,-1.46976,394500,743000,0.42896,-1.45626,394500,742230,0.42989,-1.47387
121,Brookville NJ,395230,742230,0.42449,-1.46976,395230,741500,0.42688,-1.48636,394500,742230,0.42989,-1.47387,394500,741500,0.43082,-1.49147
122,Forked River NJ,395230,741500,0.42688,-1.48636,395230,740730,0.42808,-1.50491,394500,741500,0.43082,-1.49147,394500,740730,0.43270,-1.51007
123,Barnegat Light NJ,395230,740730,0.42808,-1.50491,395230,740000,0.42928,-1.52346,394500,740730,0.43270,-1.51007,394500,740000,0.43458,-1.52866
A16,Atlantic Ocean,395230,740000,0.42928,-1.52346,395230,735230,0.42647,-1.53634,394500,740000,0.43458,-1.52866,394500,735230,0.43910,-1.54183
A17,Atlantic Ocean,395230,735230,0.42647,-1.53634,395230,734500,0.42367,-1.54921,394500,735230,0.43910,-1.54183,394500,734500,0.42922,-1.55500
A18,Atlantic Ocean,395230,734500,0.42367,-1.54921,395230,733730,0.41992,-1.56074,394500,734500,0.42922,-1.55500,394500,733730,0.42583,-1.56701
124,Wilmington South Del-NJ,394500,753730,0.40550,-1.26150,394500,753000,0.41000,-1.29100,393730,753730,0.40427,-1.26031,393730,753000,0.40695,-1.28463
125,Penns Grove NJ-Del,394500,753000,0.41000,-1.29100,394500,752230,0.40924,-1.31312,393730,753000,0.40695,-1.28463,393730,752230,0.40902,-1.30678
126,Woodstown NJ,394500,752230,0.40924,-1.31312,394500,751500,0.40848,-1.33524,393730,752230,0.40902,-1.30678,393730,751500,0.41110,-1.32894
127,Pitman West NJ,394500,751500,0.40848,-1.33524,394500,750730,0.41114,-1.36879,393730,751500,0.41110,-1.32894,393730,750730,0.41319,-1.35828
128,Pitman East NJ,394500,750730,0.41114,-1.36879,394500,750000,0.41380,-1.40234,393730,750730,0.41319,-1.35828,393730,750000,0.41528,-1.38763
129,Williamstown NJ,394500,750000,0.41380,-1.40234,394500,745230,0.41850,-1.41434,393730,750000,0.41528,-1.38763,393730,745230,0.41832,-1.40312
130,Hammonton NJ,394500,745230,0.41850,-1.41434,394500,744500,0.42320,-1.42634,393730,745230,0.41832,-1.40312,393730,744500,0.42135,-1.41861
131,Atsion NJ,394500,744500,0.42320,-1.42634,394500,743730,0.42608,-1.44130,393730,744500,0.42135,-1.41861,393730,743730,0.42370,-1.43642
132,Jenkins NJ,394500,743730,0.42608,-1.44130,394500,743000,0.42896,-1.45626,393730,743730,0.42370,-1.43642,393730,743000,0.42604,-1.45423
133,Oswego Lake NJ,394500,743000,0.42896,-1.45626,394500,742230,0.42989,-1.47387,393730,743000,0.42604,-1.45423,393730,742230,0.42656,-1.47309
134,West Creek NJ,394500,742230,0.42989,-1.47387,394500,741500,0.43082,-1.49147,393730,742230,0.42656,-1.47309,393730,741500,0.42707,-1.49195
135,Ship Bottom NJ,394500,741500,0.43082,-1.49147,394500,740730,0.43270,-1.51007,393730,741500,0.42707,-1.49195,393730,740730,0.42971,-1.51061
136,Long Beach Ne NJ,394500,740730,0.43270,-1.51007,394500,740000,0.43458,-1.52866,393730,740730,0.42971,-1.51061,393730,740000,0.43236,-1.52927
A19,Atlantic Ocean,394500,740000,0.43458,-1.52866,394500,735230,0.43910,-1.54183,393730,740000,0.43236,-1.52927,393730,735230,0.43129,-1.54350
A20,Atlantic Ocean,394500,735230,0.43910,-1.54183,394500,734500,0.42922,-1.55500,393730,735230,0.43129,-1.54350,393730,734500,0.43023,-1.55773
A21,Atlantic Ocean,394500,734500,0.42922,-1.55500,394500,733730,0.42583,-1.56701,393730,734500,0.43023,-1.55773,393730,733730,0.42806,-1.57065
137,Delaware City Del-NJ,393730,753730,0.40427,-1.26031,393730,753000,0.40695,-1.28463,393000,753730,0.40304,-1.25913,393000,753000,0.40390,-1.27826
138,Salem NJ,393730,753000,0.40695,-1.28463,393730,752230,0.40902,-1.30678,393000,753000,0.40390,-1.27826,393000,752230,0.40881,-1.30045
139,Alloway NJ,393730,752230,0.40902,-1.30678,393730,751500,0.41110,-1.32894,393000,752230,0.40881,-1.30045,393000,751500,0.41372,-1.32264
140,Elmer NJ,393730,751500,0.41110,-1.32894,393730,750730,0.41319,-1.35828,393000,751500,0.41372,-1.32264,393000,750730,0.41524,-1.34778
141,Newfield NJ,393730,750730,0.41319,-1.35828,393730,750000,0.41528,-1.38763,393000,750730,0.41524,-1.34778,393000,750000,0.41676,-1.37291
142,Buena NJ,393730,750000,0.41528,-1.38763,393730,745230,0.41832,-1.40312,393000,750000,0.41676,-1.37291,393000,745230,0.41814,-1.39190
143,Newtonville NJ,393730,745230,0.41832,-1.40312,393730,744500,0.42135,-1.41861,393000,745230,0.41814,-1.39190,393000,744500,0.41951,-1.41089
144,Egg Harbor City NJ,393730,744500,0.42135,-1.41861,393730,743730,0.42370,-1.43642,393000,744500,0.41951,-1.41089,393000,743730,0.42131,-1.43154
145,Green Bank NJ,393730,743730,0.42370,-1.43642,393730,743000,0.42604,-1.45423,393000,743730,0.42131,-1.43154,393000,743000,0.42311,-1.45219
146,New Gretna NJ,393730,743000,0.42604,-1.45423,393730,742230,0.42656,-1.47309,393000,743000,0.42311,-1.45219,393000,742230,0.42322,-1.47231
147,Tuckerton NJ,393730,742230,0.42656,-1.47309,393730,741500,0.42707,-1.49195,393000,742230,0.42322,-1.47231,393000,741500,0.42332,-1.49243
148,Beach Haven NJ,393730,741500,0.42707,-1.49195,393730,740730,0.42971,-1.51061,393000,741500,0.42332,-1.49243,393000,740730,0.42673,-1.51115
A22,Atlantic Ocean,393730,740730,0.42971,-1.51061,393730,740000,0.43236,-1.52927,393000,740730,0.42673,-1.51115,393000,740000,0.43013,-1.52988
A23,Atlantic Ocean,393730,740000,0.43236,-1.52927,393730,735230,0.43129,-1.54350,393000,740000,0.43013,-1.52988,393000,735230,0.43069,-1.54517
A24,Atlantic Ocean,393730,735230,0.43129,-1.54350,393730,734500,0.43023,-1.55773,393000,735230,0.43069,-1.54517,393000,734500,0.43124,-1.56046
A25,Atlantic Ocean,393730,734500,0.43023,-1.55773,393730,733730,0.42806,-1.57065,393000,734500,0.43124,-1.56046,393000,733730,0.43029,-1.57430
149,Taylors Bridge Del-NJ,393000,753730,0.40304,-1.25913,393000,753000,0.40390,-1.27826,392230,753730,0.40223,-1.25939,392230,753000,0.40387,-1.27729
150,Canton NJ-Del,393000,753000,0.40390,-1.27826,393000,752230,0.40881,-1.30045,392230,753000,0.40387,-1.27729,392230,752230,0.40816,-1.29770
151,Shiloh NJ,393000,752230,0.40881,-1.30045,393000,751500,0.41372,-1.32264,392230,752230,0.40816,-1.29770,392230,751500,0.41245,-1.31810
152,Bridgeton NJ,393000,751500,0.41372,-1.32264,393000,750730,0.41524,-1.34778,392230,751500,0.41245,-1.31810,392230,750730,0.41341,-1.34403
153,Millville NJ,393000,750730,0.41524,-1.34778,393000,750000,0.41676,-1.37291,392230,750730,0.41341,-1.34403,392230,750000,0.41438,-1.36996
154,Five Points NJ,393000,750000,0.41676,-1.37291,393000,745230,0.41814,-1.39190,392230,750000,0.41438,-1.36996,392230,745230,0.41530,-1.39065
155,Dorothy NJ,393000,745230,0.41814,-1.39190,393000,744500,0.41951,-1.41089,392230,745230,0.41530,-1.39065,392230,744500,0.41622,-1.41134
156,Mays Landing NJ,393000,744500,0.41951,-1.41089,393000,743730,0.42131,-1.43154,392230,744500,0.41622,-1.41134,392230,743730,0.41799,-1.43167
157,Pleasantville NJ,393000,743730,0.42131,-1.43154,393000,743000,0.42311,-1.45219,392230,743730,0.41799,-1.43167,392230,743000,0.41976,-1.45200
158,Oceanville NJ,393000,743000,0.42311,-1.45219,393000,742230,0.42322,-1.47231,392230,743000,0.41976,-1.45200,392230,742230,0.42078,-1.47200
159,Brigantine Inlet NJ,393000,742230,0.42322,-1.47231,393000,741500,0.42332,-1.49243,392230,742230,0.42078,-1.47200,392230,741500,0.42179,-1.49199
A26,Atlantic Ocean,393000,741500,0.42332,-1.49243,393000,740730,0.42673,-1.51115,392230,741500,0.42179,-1.49199,392230,740730,0.42520,-1.51072
A27,Atlantic Ocean,393000,740730,0.42673,-1.51115,393000,740000,0.43013,-1.52988,392230,740730,0.42520,-1.51072,392230,740000,0.42860,-1.52945
A28,Atlantic Ocean,393000,740000,0.43013,-1.52988,393000,735230,0.43069,-1.54517,392230,740000,0.42860,-1.52945,392230,735230,0.43002,-1.54546
A29,Atlantic Ocean,393000,735230,0.43069,-1.54517,393000,734500,0.43124,-1.56046,392230,735230,0.43002,-1.54546,392230,734500,0.43144,-1.56147
A30,Atlantic Ocean,393000,734500,0.43124,-1.56046,393000,733730,0.43029,-1.57430,392230,734500,0.43144,-1.56147,392230,733730,0.43152,-1.57616
D02,Smyrna Del,392230,753730,0.40223,-1.25939,392230,753000,0.40387,-1.27729,391500,753730,0.40142,-1.25965,391500,753000,0.40384,-1.27631
160,Bombay Hook Del-NJ,392230,753000,0.40387,-1.27729,392230,752230,0.40816,-1.29770,391500,753000,0.40384,-1.27631,391500,752230,0.40751,-1.29494
161,Ben Davis Point NJ-Del,392230,752230,0.40816,-1.29770,392230,751500,0.41245,-1.31810,391500,752230,0.40751,-1.29494,391500,751500,0.41117,-1.31357
162,Cedarville NJ,392230,751500,0.41245,-1.31810,392230,750730,0.41341,-1.34403,391500,751500,0.41117,-1.31357,391500,750730,0.41159,-1.34028
163,Dividing Creek NJ,392230,750730,0.41341,-1.34403,392230,750000,0.41438,-1.36996,391500,750730,0.41159,-1.34028,391500,750000,0.41200,-1.36700
164,Port Elizabeth NJ,392230,750000,0.41438,-1.36996,392230,745230,0.41530,-1.39065,391500,750000,0.41200,-1.36700,391500,745230,0.41246,-1.38940
165,Tuckahoe NJ,392230,745230,0.41530,-1.39065,392230,744500,0.41622,-1.41134,391500,745230,0.41246,-1.38940,391500,744500,0.41292,-1.41179
166,Marmora NJ,392230,744500,0.41622,-1.41134,392230,743730,0.41799,-1.43167,391500,744500,0.41292,-1.41179,391500,743730,0.41466,-1.43180
167,Ocean City NJ,392230,743730,0.41799,-1.43167,392230,743000,0.41976,-1.45200,391500,743730,0.41466,-1.43180,391500,743000,0.41640,-1.45181
168,Atlantic City NJ,392230,743000,0.41976,-1.45200,392230,742230,0.42078,-1.47200,391500,743000,0.41640,-1.45181,391500,742230,0.41833,-1.47168
A31,Atlantic Ocean,392230,742230,0.42078,-1.47200,392230,741500,0.42179,-1.49199,391500,742230,0.41833,-1.47168,391500,741500,0.42026,-1.49156
A32,Atlantic Ocean,392230,741500,0.42179,-1.49199,392230,740730,0.42520,-1.51072,391500,741500,0.42026,-1.49156,391500,740730,0.42367,-1.51028
A33,Atlantic Ocean,392230,740730,0.42520,-1.51072,392230,740000,0.42860,-1.52945,391500,740730,0.42367,-1.51028,391500,740000,0.42707,-1.52901
A34,Atlantic Ocean,392230,740000,0.42860,-1.52945,392230,735230,0.43002,-1.54546,391500,740000,0.42707,-1.52901,391500,735230,0.42935,-1.54575
A35,Atlantic Ocean,392230,735230,0.43002,-1.54546,392230,734500,0.43144,-1.56147,391500,735230,0.42935,-1.54575,391500,734500,0.43163,-1.56249
A36,Atlantic Ocean,392230,734500,0.43144,-1.56147,392230,733730,0.43152,-1.57616,391500,734500,0.43163,-1.56249,391500,733730,0.43275,-1.57802
D03,Dover Del,391500,753730,0.40142,-1.25965,391500,753000,0.40384,-1.27631,390730,753730,0.40482,-1.26148,390730,753000,0.40500,-1.27990
D04,Little Creek Del,391500,753000,0.40384,-1.27631,391500,752230,0.40571,-1.29494,390730,753000,0.40500,-1.27790,390730,752230,0.40648,-1.29748
D05,Bowers Del (Q2),391500,752230,0.40751,-1.29494,391500,751500,0.41117,-1.31357,390730,752230,0.40648,-1.29748,390730,751500,0.40797,-1.31706
169,Fortescue NJ,391500,751500,0.41117,-1.31357,391500,750730,0.41159,-1.34028,390730,751500,0.40797,-1.31706,390730,750730,0.40819,-1.34121
170,Port Norris NJ,391500,750730,0.41159,-1.34028,391500,750000,0.41200,-1.36700,390730,750730,0.40819,-1.34121,390730,750000,0.40841,-1.36535
171,Heislerville NJ,391500,750000,0.41200,-1.36700,391500,745230,0.41246,-1.38940,390730,750000,0.40841,-1.36535,390730,745230,0.40929,-1.38828
172,Woodbine NJ,391500,745230,0.41246,-1.38940,391500,744500,0.41292,-1.41179,390730,745230,0.40929,-1.38828,390730,744500,0.41018,-1.41121
173,Sea Isle City NJ,391500,744500,0.41292,-1.41179,391500,743730,0.41466,-1.43180,390730,744500,0.41018,-1.41121,390730,743730,0.41231,-1.43123
A37,Sea Isle City NJ / Atlantic Ocean,391500,743730,0.41466,-1.43180,391500,743000,0.41640,-1.45181,390730,743730,0.41231,-1.43123,390730,743000,0.41444,-1.45125
A38,Atlantic Ocean,391500,743000,0.41640,-1.45181,391500,742230,0.41833,-1.47168,390730,743000,0.41444,-1.45125,390730,742230,0.41702,-1.47093
A39,Atlantic Ocean,391500,742230,0.41833,-1.47168,391500,741500,0.42026,-1.49156,390730,742230,0.41702,-1.47093,390730,741500,0.41961,-1.49062
A40,Atlantic Ocean,391500,741500,0.42026,-1.49156,391500,740730,0.42367,-1.51028,390730,741500,0.41961,-1.49062,390730,740730,0.42324,-1.50938
A41,Atlantic Ocean,391500,740730,0.42367,-1.51028,391500,740000,0.42707,-1.52901,390730,740730,0.42324,-1.50938,390730,740000,0.42688,-1.52815
A42,Atlantic Ocean,391500,740000,0.42707,-1.52901,391500,735230,0.42935,-1.54575,390730,740000,0.42688,-1.52815,390730,735230,0.42970,-1.54538
A43,Atlantic Ocean,391500,735230,0.42935,-1.54575,391500,734500,0.43163,-1.56249,390730,735230,0.42970,-1.54538,390730,734500,0.43252,-1.56261
A44,Atlantic Ocean,391500,734500,0.43163,-1.56249,391500,733730,0.43275,-1.57802,390730,734500,0.43252,-1.56261,390730,733730,0.43436,-1.57882
D06,Wyoming Del,390730,753730,0.40482,-1.26148,390730,753000,0.40500,-1.27790,390000,753730,0.40823,-1.26331,390000,753000,0.40616,-1.27949
D07,Frederica Del,390730,753000,0.40500,-1.27790,390730,752230,0.40648,-1.29748,390000,753000,0.40616,-1.27949,390000,752230,0.40546,-1.30002
D08,Bennetts Pier Del,390730,752230,0.40648,-1.29748,390730,751500,0.40797,-1.31706,390000,752230,0.40546,-1.30002,390000,751500,0.40477,-1.32055
D09,Port Norris NJ-Del (Q3),390730,751500,0.40797,-1.31706,390730,750730,0.40819,-1.34121,390000,751500,0.40477,-1.32055,390000,750730,0.40479,-1.34213
D10,Port Norris NJ-Del (Q4),390730,750730,0.40819,-1.34121,390730,750000,0.40841,-1.36535,390000,750730,0.40479,-1.34213,390000,750000,0.40481,-1.36370
174,Rio Grande NJ,390730,750000,0.40841,-1.36535,390730,745230,0.40929,-1.38828,390000,750000,0.40481,-1.36370,390000,745230,0.40612,-1.38716
175,Stone Harbor NJ,390730,745230,0.40929,-1.38828,390730,744500,0.41018,-1.41121,390000,745230,0.40612,-1.38716,390000,744500,0.40743,-1.41062
176,Avalon NJ,390730,744500,0.41018,-1.41121,390730,743730,0.41231,-1.43123,390000,744500,0.40743,-1.41062,390000,743730,0.40996,-1.43065
A45,Atlantic Ocean,390730,743730,0.41231,-1.43123,390730,743000,0.41444,-1.45125,390000,743730,0.40996,-1.43065,390000,743000,0.41248,-1.45069
A46,Atlantic Ocean,390730,743000,0.41444,-1.45125,390730,742230,0.41702,-1.47093,390000,743000,0.41248,-1.45069,390000,742230,0.41572,-1.47018
A47,Atlantic Ocean,390730,742230,0.41702,-1.47093,390730,741500,0.41961,-1.49062,390000,742230,0.41572,-1.47018,390000,741500,0.41895,-1.48967
A48,Atlantic Ocean,390730,741500,0.41961,-1.49062,390730,740730,0.42324,-1.50938,390000,741500,0.41895,-1.48967,390000,740730,0.42282,-1.50848
A49,Atlantic Ocean,390730,740730,0.42324,-1.50938,390730,740000,0.42688,-1.52815,390000,740730,0.42282,-1.50848,390000,740000,0.42669,-1.52729
A50,Atlantic Ocean,390730,740000,0.42688,-1.52815,390730,735230,0.42970,-1.54538,390000,740000,0.42669,-1.52729,390000,735230,0.43005,-1.54501
A51,Atlantic Ocean,390730,735230,0.42970,-1.54538,390730,734500,0.43252,-1.56261,390000,735230,0.43005,-1.54501,390000,734500,0.43341,-1.56274
A52,Atlantic Ocean,390730,734500,0.43252,-1.56261,390730,733730,0.43436,-1.57882,390000,734500,0.43341,-1.56274,390000,733730,0.43597,-1.57962
D11,Harrington Del,390000,753730,0.40823,-1.26331,390000,753000,0.40616,-1.27949,385230,753730,0.40856,-1.26179,385230,753000,0.40768,-1.27777
D12,Milford Del,390000,753000,0.40616,-1.27949,390000,752230,0.40546,-1.30002,385230,753000,0.40768,-1.27777,385230,752230,0.40599,-1.29967
D13,Mispillion River Del,390000,752230,0.40546,-1.30002,390000,751500,0.40477,-1.32055,385230,752230,0.40599,-1.29967,385230,751500,0.40429,-1.32157
D14,Cape Henlopen Del-NJ (Q1),390000,751500,0.40477,-1.32055,390000,750730,0.40479,-1.34213,385230,751500,0.40429,-1.32157,385230,750730,0.40417,-1.34274
D15,Cape Henlopen Del-NJ (Q2),390000,750730,0.40479,-1.34213,390000,750000,0.40481,-1.36370,385230,750730,0.40417,-1.34274,385230,750000,0.40404,-1.36391
177,Cape May NJ,390000,750000,0.40481,-1.36370,390000,745230,0.40612,-1.38716,385230,750000,0.40404,-1.36391,385230,745230,0.40529,-1.38616
178,Wildwood NJ,390000,745230,0.40612,-1.38716,390000,744500,0.40743,-1.41062,385230,745230,0.40529,-1.38616,385230,744500,0.40653,-1.40841
A53,Atlantic Ocean,390000,744500,0.40743,-1.41062,390000,743730,0.40996,-1.43065,385230,744500,0.40653,-1.40841,385230,743730,0.40941,-1.42853
A54,Atlantic Ocean,390000,743730,0.40996,-1.43065,390000,743000,0.41248,-1.45069,385230,743730,0.40941,-1.42853,385230,743000,0.41229,-1.44865
A55,Atlantic Ocean,390000,743000,0.41248,-1.45069,390000,742230,0.41572,-1.47019,385230,743000,0.41229,-1.44865,385230,742230,0.41601,-1.46830
A56,Atlantic Ocean,390000,742230,0.41572,-1.47018,390000,741500,0.41895,-1.48967,385230,742230,0.41601,-1.46830,385230,741500,0.41973,-1.48796
A57,Atlantic Ocean,390000,741500,0.41895,-1.48967,390000,740730,0.42282,-1.50848,385230,741500,0.41973,-1.48796,385230,740730,0.42393,-1.50703
A58,Atlantic Ocean,390000,740730,0.42282,-1.50848,390000,740000,0.42669,-1.52729,385230,740730,0.42393,-1.50703,385230,740000,0.42812,-1.52609
A59,Atlantic Ocean,390000,740000,0.42669,-1.52729,390000,735230,0.43005,-1.54501,385230,740000,0.42812,-1.52609,385230,735230,0.43187,-1.54427
A60,Atlantic Ocean,390000,735230,0.43005,-1.54501,390000,734500,0.43341,-1.56274,385230,735230,0.43187,-1.54427,385230,734500,0.43562,-1.56245
A61,Atlantic Ocean,390000,734500,0.43341,-1.56274,390000,733730,0.43597,-1.57962,385230,734500,0.43562,-1.56245,385230,733730,0.43866,-1.57990
D16,Greenwood Del,385230,753730,0.40856,-1.26179,385230,753000,0.40768,-1.27777,384500,753730,0.40889,-1.26027,384500,753000,0.40921,-1.27606
D17,Ellendale Del,385230,753000,0.40768,-1.27777,385230,752230,0.40599,-1.29967,384500,753000,0.40921,-1.27606,384500,752230,0.40651,-1.29932
D18,Milton Del,385230,752230,0.40599,-1.29967,385230,751500,0.40429,-1.32157,384500,752230,0.40651,-1.29932,384500,751500,0.40382,-1.32258
D19,Lewes Del,385230,751500,0.40429,-1.32157,385230,750730,0.40417,-1.34274,384500,751500,0.40382,-1.32258,384500,750730,0.40355,-1.34335
D20,Cape Henlopen Del-NJ,385230,750730,0.40417,-1.34274,385230,750000,0.40404,-1.36391,384500,750730,0.40355,-1.34335,384500,750000,0.40328,-1.36412
A62,Atlantic Ocean,385230,750000,0.40404,-1.36391,385230,745230,0.40529,-1.38616,384500,750000,0.40328,-1.36412,384500,745230,0.40445,-1.38515
A63,Atlantic Ocean,385230,745230,0.40529,-1.38616,385230,744500,0.40653,-1.40841,384500,745230,0.40445,-1.38515,384500,744500,0.40563,-1.40619
A64,Atlantic Ocean,385230,744500,0.40653,-1.40841,385230,743730,0.40941,-1.42853,384500,744500,0.40563,-1.40619,384500,743730,0.40887,-1.42640
A65,Atlantic Ocean,385230,743730,0.40941,-1.42853,385230,743000,0.41229,-1.44865,384500,743730,0.40887,-1.42640,384500,743000,0.41210,-1.44661
A66,Atlantic Ocean,385230,743000,0.41229,-1.44865,385230,742230,0.41601,-1.46830,384500,743000,0.41210,-1.44661,384500,742230,0.41631,-1.46643
A67,Atlantic Ocean,385230,742230,0.41601,-1.46830,385230,741500,0.41973,-1.48796,384500,742230,0.41631,-1.46643,384500,741500,0.42052,-1.48625
A68,Atlantic Ocean,385230,741500,0.41973,-1.48796,385230,740730,0.42393,-1.50703,384500,741500,0.42052,-1.48625,384500,740730,0.42503,-1.50558
A69,Atlantic Ocean,385230,740730,0.42393,-1.50703,385230,740000,0.42812,-1.52609,384500,740730,0.42503,-1.50558,384500,740000,0.42954,-1.52490
A70,Atlantic Ocean,385230,740000,0.42812,-1.52609,385230,735230,0.43187,-1.54427,384500,740000,0.42954,-1.52490,384500,735230,0.43368,-1.54353
A71,Atlantic Ocean,385230,735230,0.43187,-1.54427,385230,734500,0.43562,-1.56245,384500,735230,0.43368,-1.54353,384500,734500,0.43783,-1.56216
A72,Atlantic Ocean,385230,734500,0.43562,-1.56245,385230,733730,0.43866,-1.57990,384500,734500,0.43783,-1.56216,384500,733730,0.44135,-1.58017
D21,Seaford East Del,384500,753730,0.40889,-1.26027,384500,753000,0.40921,-1.27606,383730,753730,0.41272,-1.26084,383730,753000,0.41246,-1.27888
D22,Georgetown Del,384500,753000,0.40921,-1.27606,384500,752230,0.40651,-1.29932,383730,753000,0.41246,-1.27888,383730,752230,0.40955,-1.29988
D23,Harbeson Del,384500,752230,0.40651,-1.29932,384500,751500,0.40382,-1.32258,383730,752230,0.40955,-1.29988,383730,751500,0.40664,-1.32087
D24,Fairmount Del,384500,751500,0.40382,-1.32258,384500,750730,0.40355,-1.34335,383730,751500,0.40664,-1.32087,383730,750730,0.40441,-1.34073
D25,Rehoboth Beach Del,384500,750730,0.40355,-1.34335,384500,750000,0.40328,-1.36412,383730,750730,0.40441,-1.34073,383730,750000,0.40219,-1.36058
A73,Atlantic Ocean,384500,750000,0.40328,-1.36412,384500,745230,0.40445,-1.38515,383730,750000,0.40219,-1.36058,383730,745230,0.40424,-1.38157
A74,Atlantic Ocean,384500,745230,0.40445,-1.38515,384500,744500,0.40563,-1.40619,383730,745230,0.40424,-1.38157,383730,744500,0.40630,-1.40255
A75,Atlantic Ocean,384500,744500,0.40563,-1.40619,384500,743730,0.40887,-1.42640,383730,744500,0.40630,-1.40255,383730,743730,0.41022,-1.42317
A76,Atlantic Ocean,384500,743730,0.40887,-1.42640,384500,743000,0.41210,-1.44661,383730,743730,0.41022,-1.42317,383730,743000,0.41414,-1.44379
A77,Atlantic Ocean,384500,743000,0.41210,-1.44661,384500,742230,0.41631,-1.46643,383730,743000,0.41414,-1.44379,383730,742230,0.41877,-1.46404
A78,Atlantic Ocean,384500,742230,0.41631,-1.46643,384500,741500,0.42052,-1.48625,383730,742230,0.41877,-1.46404,383730,741500,0.42341,-1.48429
A79,Atlantic Ocean,384500,741500,0.42052,-1.48625,384500,740730,0.42503,-1.50558,383730,741500,0.42341,-1.48429,383730,740730,0.42817,-1.50403
A80,Atlantic Ocean,384500,740730,0.42503,-1.50558,384500,740000,0.42954,-1.52490,383730,740730,0.42817,-1.50403,383730,740000,0.43294,-1.52378
A81,Atlantic Ocean,384500,740000,0.42954,-1.52490,384500,735230,0.43368,-1.54353,383730,740000,0.43294,-1.52378,383730,735230,0.43733,-1.54286
A82,Atlantic Ocean,384500,735230,0.43368,-1.54353,384500,734500,0.43783,-1.56216,383730,735230,0.43733,-1.54286,383730,734500,0.44171,-1.56195
A83,Atlantic Ocean,384500,734500,0.43783,-1.56216,384500,733730,0.44135,-1.58017,383730,734500,0.44171,-1.56195,383730,733730,0.44552,-1.58045
A84,Location outside the defined area!,384500,734500,0.43783,-1.56216,384500,733730,0.44135,-1.58017,383730,734500,0.44171,-1.56195,383730,733730,0.44552,-1.58045
